 # Grain size distribution: volume (A^3) ; No. of grains
   15282.810803079172                1
   17736.967123567796                0
   20191.123444056419                1
   22645.279764545041                0
   25099.436085033667                1
   27553.592405522289                1
   30007.748726010912                0
   32461.905046499534                0
   34916.061366988157                1
   37370.217687476783                0
   39824.374007965409                1
   42278.530328454028                0
   44732.686648942654                0
   47186.842969431273                0
   49640.999289919899                0
   52095.155610408525                1
   54549.311930897144                0
   57003.468251385770                0
   59457.624571874388                0
   61911.780892363015                1
   64365.937212851641                0
