 # Grain size distribution: volume (A^3) ; No. of grains
   17091.272851117661                1
   20143.693516237156                0
   23196.114181356650                1
   26248.534846476145                0
   29300.955511595639                1
   32353.376176715130                0
   35405.796841834628                1
   38458.217506954119                1
   41510.638172073610                0
   44563.058837193108                0
   47615.479502312599                0
   50667.900167432097                0
   53720.320832551588                1
   56772.741497671086                0
   59825.162162790577                1
   62877.582827910075                0
   65930.003493029566                0
   68982.424158149064                0
   72034.844823268548                0
   75087.265488388046                0
   78139.686153507544                1
