# Fix print output for fix out
-8.30042999707084e-16 0.0281626083706052 -0.0979383202822694 0.0697742659879846
4.74215442458414e-16 0.0618996404752323 -0.0141434402200613 0.0140122401450229
3.55590477968992e-16 0.0781342133451715 -0.00168592876923892 0.0040932540196101
1.18506467506223e-16 0.089557286294153 0.000531897079641391 -0.000211907498695878
-2.36965570317199e-16 0.0901347656867627 0.000981685205394911 -0.00179966068845189
-3.55377336823355e-16 0.100010343234079 0.00140894503495824 -0.00168868140953788
-5.92177244240543e-16 0.130976503228486 0.00148157919030904 -0.00110567174148332
7.10470769243418e-16 0.164165266679628 0.00092804835626023 -0.000737751069532947
5.91940751730863e-16 0.186883375466718 0.000199200858222395 -0.00044433713692125
3.55093545777779e-16 0.183490770194094 -0.00023920845061564 4.46197882163029e-05
0 0.183480315725432 -0.000377541010916555 0.000533822346263774
-1.18317273385279e-16 0.182476584242184 -0.000474301727131214 0.0006720998537039
-3.54880999760753e-16 0.18365756601209 -0.000543634680066609 0.000478494187310963
-7.09620415240732e-16 0.204047118407664 -0.000384373761996495 0.000234140132943488
8.27725368674796e-16 0.234632541663765 -3.83109203855299e-05 7.48807700851435e-05
5.91114513393452e-16 0.257259052050078 0.00023083084564086 -9.60888538805942e-05
3.54598000558392e-16 0.281386526031644 0.000291580539076226 -0.000291963825549564
1.18175773755956e-16 0.299200493429829 0.000261515704633885 -0.000379986212342398
-1.18152223382549e-16 0.321204426082927 0.000220658377861994 -0.000255291108675662
-3.54386047180892e-16 0.347598158513033 0.000149210431586087 -6.45705142784503e-05
-5.90525753917959e-16 0.373089953789378 -1.39261448434508e-05 5.96250424481606e-05
-8.26571399827807e-16 0.394400541504662 -0.000160927191164348 0.000108930884444635
5.90290578388722e-16 0.419217672006022 -0.000213319107825588 0.000167271709902064
3.54103836512223e-16 0.440297393774354 -0.000146032456762051 0.000187891439767772
1.18011118020229e-16 0.448893461225361 -8.78377802219339e-05 0.000139049517601198
-1.17987633220623e-16 0.466654605852727 -4.48397890217224e-05 3.09013641839435e-05
-3.53892473299024e-16 0.477930909076634 1.52001288785238e-05 -6.11193474167238e-05
-5.89703458259033e-16 0.481323126147903 8.68932110651896e-05 -8.6917479476112e-05
8.25420644100124e-16 0.47849462316301 0.000122047788304687 -8.60562047380439e-05
5.89468937098461e-16 0.476942345209715 9.22492768615853e-05 -8.62983220527363e-05
3.53611047872941e-16 0.489237844419564 2.24736326554138e-05 -5.10647178971996e-05
1.17846920479752e-16 0.501136679394076 -1.8691751836486e-05 6.02616478916915e-06
-1.17823500980451e-16 0.52123750215415 -3.18037552837024e-05 5.4354267396107e-05
-3.53400272362586e-16 0.527703700694991 -5.08402850436207e-05 6.81157712156193e-05
-5.88883449477186e-16 0.536889090451664 -5.85727016689745e-05 4.9530769029933e-05
-8.2427308809045e-16 0.544248422262843 -4.85873991922568e-05 3.34265014562696e-05
5.88649579957935e-16 0.552806462048562 4.18101685619284e-06 2.23700352977933e-06
3.53119628906273e-16 0.565370102838319 2.99262550878176e-05 -1.5710731597914e-05
1.17683179224619e-16 0.582844754521984 3.50710029774691e-05 -3.64087645143113e-05
-1.17659824753648e-16 0.598568887860892 2.51639500733276e-05 -3.5572206285277e-05
-3.52909438650971e-16 0.605348020095377 2.11421411217968e-05 -2.29671718177451e-05
-5.88065718045657e-16 0.617418085457103 1.06733502338949e-05 1.15858133081201e-07
-8.23128718471919e-16 0.636131600120644 6.79033462046252e-06 -1.26203633993311e-06
5.87832497455515e-16 0.647910257548833 -1.83215033684488e-05 1.30425199057435e-05
3.52629573909773e-16 0.659316918546788 -1.98105210604381e-05 1.51139079844458e-05
2.35039784711053e-16 0.677629599490529 -1.17863971718008e-05 1.86753623622483e-05
-1.17496602642416e-16 0.69014558353169 -3.32177644769223e-06 8.19202411503519e-06
-3.52419966475311e-16 0.705344197423425 -5.4322064692113e-06 7.36692573748189e-06
-4.69800203592418e-16 0.711140370188887 3.21759003440269e-07 -4.24335537563771e-06
8.21987521991568e-16 0.720326979316938 1.50896279089608e-05 -1.4069491029225e-05
5.87017680132309e-16 0.733323838763408 7.23897552809465e-06 -9.88984569238446e-07
4.69521169616814e-16 0.745695252353654 1.14159216548659e-05 -7.59845543603673e-06
1.17357057983696e-16 0.758009738942043 4.9239473216147e-06 -5.90607955471789e-06
-1.17333832759476e-16 0.770090182272401 3.02005170089863e-07 -2.1789768171506e-06
-2.34621233452169e-16 0.78761406479642 -7.05992604677568e-06 8.74782076185998e-06
-5.86437049390338e-16 0.805502671781425 -6.84826097158329e-06 1.13581677257631e-05
-8.20849485469822e-16 0.820351764889928 -5.89627070797616e-06 4.95585729363828e-06
7.03446142298159e-16 0.840504465483644 -7.20391168252408e-06 4.91801083639262e-06
3.51653533175345e-16 0.862462966996551 6.71986392448475e-06 -6.87732424761963e-06
1.17194674230803e-16 0.880916061842719 -1.48580712168898e-06 5.11125308659966e-06
0 0.889465699432451 6.45530115083903e-06 -4.56591867921431e-06
-3.51445084133747e-16 0.888948099407855 -1.27509210327667e-06 1.78513284669336e-06
-5.85626093375772e-16 0.893223884789047 -4.78455829605121e-06 4.45306970877917e-06
-7.02612510685717e-16 0.910501060185405 -1.35261342847279e-06 2.7580781242782e-06
5.85394803449479e-16 0.933734722367181 -2.25098786072165e-06 5.30233439174605e-06
3.51167536189713e-16 0.936706863049794 -1.05168682057404e-06 4.31521414244546e-06
2.3406547845781e-16 0.93595256181197 -3.53353064747622e-07 1.10503228409289e-06
-1.17009642181494e-16 0.946511411178663 7.84997362581335e-07 -1.20249692032615e-06
-3.50959662746822e-16 0.966336674205735 -5.73288739705372e-06 6.30850270325487e-06
-4.67853901703398e-16 0.978965700385143 3.07720646211968e-06 -7.13787501876995e-07
-8.18582839947814e-16 0.983346081171813 4.40467317119023e-06 -3.63620548929023e-06
5.84586725432491e-16 1.00133613056682 -9.44896876922579e-08 -3.01821960264549e-08
4.6757717423788e-16 1.01114393027699 3.02246821965297e-06 -1.5957166061134e-06
1.16871251120369e-16 1.0171714409722 5.73858101963198e-06 -6.01509908267509e-06
-1.16848217763822e-16 1.0402244990069 -2.31372034027208e-06 2.76102255606568e-06
-2.33650386968919e-16 1.06299802947209 1.08964847231582e-06 -2.42831414153813e-06
-5.84010891384586e-16 1.08388184114819 2.95880853743205e-06 6.71166932955139e-07
-8.17454204950841e-16 1.08683272586478 -7.28490066483093e-07 2.64750958831118e-06
7.0053705033513e-16 1.09338949347063 3.37453207735089e-06 -2.85592407109403e-06
3.5019956109488e-16 1.10709497385043 1.63345317554527e-06 -9.41884916529786e-07
2.33420416115603e-16 1.12709861684795 5.14494700164647e-06 -1.73738519633592e-06
0 1.13752414973533 1.27991559408645e-06 7.95277724276251e-07
-3.49992831719971e-16 1.14315582290258 -1.06608335942112e-06 2.84092773263979e-06
-4.66565301541319e-16 1.13511667209643 3.41499104935732e-06 -1.85104934465605e-06
-6.99710295358337e-16 1.12432712126424 -6.75204355878989e-07 1.12789625998347e-06
5.82977243789215e-16 1.12735445639275 -3.49181946294905e-06 1.73505538646728e-06
4.66290095897469e-16 1.16280630117614 2.37457647884286e-06 1.6206228006008e-06
2.33099216407954e-16 1.18577984846824 -1.47289420978908e-07 2.3587415688123e-06
-1.16526701441358e-16 1.20392528084508 2.74703684010768e-06 -7.10462241140274e-07
-2.33007607362402e-16 1.21062748352181 5.54590757065027e-06 -3.87024254753472e-06
-4.65923659672795e-16 1.21784278456388 7.5826927711293e-07 1.97756050685e-06
-8.15206246029349e-16 1.21597156012446 -3.08096513783225e-06 4.45003498133933e-06
6.98610986174743e-16 1.21837406099479 3.92113130058999e-07 -2.12995423748312e-07
4.65649210236507e-16 1.2317912140022 -6.47544747147458e-07 8.72692099967111e-07
1.16389449731769e-16 1.23781419446246 2.72729978370364e-06 -1.60092819619277e-06
0 1.24776005821231 -2.20586745261795e-06 4.02814361373255e-06
-2.32687541967673e-16 1.25488089507791 -8.12558706635848e-07 6.32244183862014e-07
-5.81604725263519e-16 1.27215145890705 3.97264227837387e-06 -1.75055422418631e-07
-6.9778876845857e-16 1.27729423308764 -6.92227427666628e-07 1.03760387347666e-06
6.97651920298449e-16 1.28416307936857 7.34974482479121e-07 4.76841335440813e-07
3.48757562902136e-16 1.28303616734145 6.05787222077245e-06 -6.83969485190189e-06
2.3245946164816e-16 1.2905331765665 -4.00434871470598e-06 4.09687417697814e-06
0 1.30807975713442 -2.83850335319788e-06 3.23738047737236e-06
-3.48552532000959e-16 1.32974939643288 -1.92398937317873e-06 1.2335762274859e-06
-4.646456559041e-16 1.3471845370696 -3.82385487091113e-06 5.55150476887951e-06
-6.96831957218763e-16 1.36494538319142 7.82600782889608e-06 -6.57243707542134e-06
5.80579570048602e-16 1.38168834075621 -3.59117227427814e-06 5.97803572524914e-06
4.64372709562273e-16 1.38659522273609 2.97059199947806e-06 -2.69642283483226e-06
2.32140899347546e-16 1.39692540886297 3.0130497748091e-06 -1.92912381637577e-06
-1.16047730854107e-16 1.40957477499851 -5.51101891406842e-06 4.88504623778171e-06
-2.32050041852693e-16 1.43186357677672 -2.34562775673347e-06 4.59553654020417e-06
-4.64009279541093e-16 1.44818977653469 -2.11324988220874e-07 9.02567862534723e-07
-8.11857394079698e-16 1.45866884051132 3.77146875824619e-06 -4.11254323303837e-06
6.95741666653979e-16 1.47087631374316 -3.04457481416797e-07 4.01225003029328e-06
4.63737080120166e-16 1.47233446730734 -9.15014772275247e-08 2.19072694749161e-06
2.31823208967207e-16 1.46517056407612 1.38185085414443e-06 -1.92262327850346e-06
0 1.47984805530351 5.78273017399375e-08 3.44426394302345e-07
-2.31732599934974e-16 1.50220385192382 -4.14265051882298e-06 7.87863148429409e-06
-4.63374643949692e-16 1.50669966879398 -2.50657726012155e-06 2.73780623878307e-06
-6.94926185114629e-16 1.52114038373158 3.4091888967603e-06 1.37366156510915e-07
6.947904573441e-16 1.53062286915012 -2.79440482200506e-06 2.76228390234132e-06
4.63103188387918e-16 1.5384042372937 -5.0344739369158e-07 1.74923194555393e-06
2.31506386932304e-16 1.54451261670125 -3.61001679196495e-06 3.54816932304455e-06
0 1.56162107662297 5.1277578153688e-06 -4.33588563718555e-06
-2.31416025344899e-16 1.58163929134974 2.85841710208769e-06 -1.3739049764916e-06
-4.62741741996981e-16 1.5969812532739 7.56125920897969e-06 -5.11976687579231e-06
-6.93977202809557e-16 1.5993239229694 -2.13796392055212e-06 3.52356375666648e-06
6.93841845446029e-16 1.60332713598535 3.54295219421983e-06 -1.78070043518409e-06
4.62471027249323e-16 1.61672776689258 2.4793319060401e-06 -3.5707492840478e-06
2.31190429687515e-16 1.63592642264886 -4.25257340174881e-06 5.76589924949757e-06
0 1.63802708282377 -2.95740690576805e-07 1.48898036635784e-06
-2.31100314532696e-16 1.63886689346782 7.01693503006347e-06 -6.00010818795558e-06
-4.62110566588957e-16 1.65040037555659 1.64641557083455e-06 3.16313282369201e-07
-6.93030808806115e-16 1.65669623126496 -2.13965472735552e-06 6.64366575633924e-07
6.92895820335371e-16 1.6769934811697 -2.24220265315396e-07 1.28771140978487e-06
4.61840589626977e-16 1.69492480105087 4.57366371896829e-06 -3.28799875137769e-06
2.30875333696897e-16 1.71791989899382 -5.8471507286023e-06 7.06201787941489e-06
0 1.73497343265215 1.01508359987291e-06 1.41926698175722e-07
-2.30785463967937e-16 1.74838157181174 -1.09301935120846e-06 1.00386727474081e-06
-4.61481110670272e-16 1.76703694097584 3.38612060355985e-06 -8.81257070035897e-07
-6.92086992529531e-16 1.77080404401824 2.68140617331701e-06 -4.73361544181327e-07
6.91952371445593e-16 1.76462209069656 1.66608755737618e-06 -1.31680155213164e-06
4.61211868482016e-16 1.76577991587081 4.34482680620007e-06 -3.16545276892301e-06
2.30561095443761e-16 1.76891438378225 -1.42869478691167e-06 2.54799143144035e-06
0 1.77303097927161 -4.25505878599946e-06 7.11004123081457e-06
-2.3047147013941e-16 1.78449506984606 -2.06180793770018e-06 1.80673361418245e-07
-4.60853367223965e-16 1.80968854977798 9.2152565664521e-06 -6.84309072302631e-06
-6.91145743462558e-16 1.82231142796091 -3.1973340231095e-06 4.82024376158096e-06
6.91011488267636e-16 1.82792653703392 2.60606109249685e-06 -2.48885026484363e-06
4.60584856813853e-16 1.83084599213938 -2.39332314070741e-07 4.14716668653878e-07
3.45371567145805e-16 1.84247779389723 1.17878827646975e-06 2.33134358652223e-07
