# strain sxx_GPa syy_GPa szz_GPa
2.00000000e-04 -1.79053261e-02 -4.42099062e-02 -7.22179315e-02
4.00000000e-04 3.42873830e-02 4.22146390e-03 -2.55913050e-04
6.00000000e-04 6.58658153e-02 4.08737982e-02 8.22535280e-02
8.00000000e-04 8.72139819e-02 5.73549879e-02 1.18124196e-02
1.00000000e-03 1.15582447e-02 -2.59789289e-02 6.15061891e-03
1.20000000e-03 3.29912622e-02 -3.51050987e-03 -2.68219019e-02
1.40000000e-03 7.66605457e-02 3.00120213e-02 -1.47846275e-02
1.60000000e-03 4.68752138e-02 -2.43998949e-02 3.55003500e-02
1.80000000e-03 9.08702091e-02 6.23624668e-03 -2.17805503e-02
2.00000000e-03 1.00430864e-01 6.87159928e-03 4.37050809e-03
2.20000000e-03 1.24369730e-01 1.36759854e-02 4.38094315e-02
2.40000000e-03 9.40907630e-02 1.06548913e-02 7.50985005e-03
2.60000000e-03 5.31189555e-02 -3.16785447e-02 -5.14964851e-02
2.80000000e-03 5.80592507e-02 -2.78797686e-02 -8.61187015e-03
3.00000000e-03 6.03074660e-02 4.41099568e-02 -7.55361189e-03
3.20000000e-03 8.57393312e-02 1.91499092e-02 3.69631434e-02
3.40000000e-03 1.27763511e-01 6.70876370e-05 3.61409939e-02
3.60000000e-03 1.05576660e-01 7.23671108e-03 -5.36924269e-02
3.80000000e-03 1.19812126e-01 -3.21777248e-02 1.56449086e-02
4.00000000e-03 1.25630729e-01 3.84398862e-02 -1.11761048e-02
4.20000000e-03 1.09012187e-01 -2.11285344e-02 2.47154835e-02
4.40000000e-03 9.15929804e-02 -2.63500798e-03 -3.52290289e-02
4.60000000e-03 1.08272890e-01 -3.01081937e-02 -5.13555479e-03
4.80000000e-03 1.41301818e-01 1.13956342e-02 -1.96086719e-02
5.00000000e-03 7.58733595e-02 -1.54031366e-02 -9.87708891e-03
5.20000000e-03 1.11366891e-01 1.45010117e-02 8.83107840e-03
5.40000000e-03 1.18288703e-01 -4.02302811e-03 1.73661531e-03
5.60000000e-03 6.19790125e-02 -8.00216130e-03 -6.01209298e-03
5.80000000e-03 1.23190669e-01 -1.82256429e-02 2.51599753e-02
6.00000000e-03 1.72801376e-01 4.59498695e-02 1.60979835e-02
6.20000000e-03 1.05358473e-01 -3.00218518e-02 -8.90238187e-03
6.40000000e-03 1.32563242e-01 -2.94208279e-02 -1.05970666e-02
6.60000000e-03 1.64312689e-01 3.97314720e-02 1.37541959e-02
6.80000000e-03 1.95055375e-01 -8.99475998e-03 3.63392609e-02
7.00000000e-03 1.32969695e-01 -2.18921144e-02 -2.58739392e-02
7.20000000e-03 1.23894542e-01 -2.85513743e-02 -4.74561145e-02
7.40000000e-03 1.22562917e-01 -8.71914490e-03 -1.95482714e-02
7.60000000e-03 1.71114057e-01 -1.37942340e-02 5.30051558e-02
7.80000000e-03 1.52329816e-01 3.48506007e-02 -1.95186499e-03
8.00000000e-03 1.27239403e-01 1.70618038e-03 -6.03278988e-03
8.20000000e-03 1.57652072e-01 -2.08935226e-02 2.20855615e-02
8.40000000e-03 1.55837573e-01 -9.76165462e-03 -2.59279850e-02
8.60000000e-03 2.09936037e-01 3.79238589e-02 3.64626285e-03
8.80000000e-03 1.68902081e-01 3.59637915e-03 4.70257262e-02
9.00000000e-03 1.81950390e-01 4.82273971e-03 -8.58859406e-03
9.20000000e-03 1.64027861e-01 -1.61454987e-02 -2.07098313e-02
9.40000000e-03 1.56281577e-01 -6.74245673e-03 -2.85827387e-02
9.60000000e-03 2.41612634e-01 3.88011693e-02 3.10721853e-02
9.80000000e-03 1.73778341e-01 1.77395120e-02 4.53624536e-02
1.00000000e-02 1.41966308e-01 2.88170450e-03 -1.34500917e-02
1.02000000e-02 1.42828706e-01 -4.06627879e-02 -5.37811718e-02
1.04000000e-02 1.79506501e-01 -3.77269480e-02 -2.24106353e-02
1.06000000e-02 2.08892175e-01 4.87066172e-02 3.77906435e-02
1.08000000e-02 2.11059811e-01 5.55394938e-02 5.11716403e-02
1.10000000e-02 1.75712177e-01 -3.25931933e-03 -5.52357933e-03
1.12000000e-02 1.62006878e-01 1.26056076e-02 -1.10234531e-02
1.14000000e-02 2.44991016e-01 3.82959352e-02 4.41108040e-02
1.16000000e-02 1.76833906e-01 2.54715855e-03 -1.96904513e-04
1.18000000e-02 1.72606800e-01 -1.12307197e-02 -4.68857208e-02
1.20000000e-02 1.48538675e-01 -3.18629875e-02 -2.15206720e-02
1.22000000e-02 2.11183614e-01 2.00277406e-02 1.76775167e-02
1.24000000e-02 2.01918044e-01 1.03951364e-03 -4.13085422e-03
1.26000000e-02 1.91737042e-01 -2.04947421e-02 -6.77047530e-03
1.28000000e-02 2.23347683e-01 -2.67087253e-03 -1.33906666e-02
1.30000000e-02 1.83534030e-01 -1.76324648e-02 -1.82115487e-02
1.32000000e-02 2.18945787e-01 -1.04456853e-04 -4.96897883e-03
1.34000000e-02 2.26021642e-01 -5.14212064e-03 -1.19472499e-03
1.36000000e-02 2.39527791e-01 1.27809707e-02 -1.64013520e-02
1.38000000e-02 2.43776244e-01 -2.24844564e-03 1.63649288e-04
1.40000000e-02 2.63056411e-01 1.58529374e-03 2.75013353e-02
1.42000000e-02 2.37744593e-01 1.75701427e-02 1.23810177e-02
1.44000000e-02 2.74997690e-01 1.62135050e-02 2.78155492e-02
1.46000000e-02 2.21966576e-01 3.50645906e-04 -2.17276903e-02
1.48000000e-02 2.05756438e-01 -1.08446518e-02 -3.38666488e-02
1.50000000e-02 2.61038939e-01 1.84667800e-02 3.53999376e-02
1.52000000e-02 2.61238830e-01 4.37321770e-02 2.64930230e-02
1.54000000e-02 2.38227837e-01 4.66269712e-03 7.81801683e-03
1.56000000e-02 2.53233397e-01 -2.80290574e-02 -4.32231294e-02
1.58000000e-02 2.15920137e-01 -4.28898979e-02 -5.64811209e-02
1.60000000e-02 3.03845935e-01 1.27930521e-02 4.94685021e-02
1.62000000e-02 3.03798498e-01 5.51901586e-02 4.64822975e-02
1.64000000e-02 2.77777262e-01 9.00173690e-03 -1.06833072e-02
1.66000000e-02 2.67928454e-01 -3.23610871e-02 -9.99812807e-03
1.68000000e-02 2.77855277e-01 1.18987098e-03 -2.04998414e-02
1.70000000e-02 3.01209784e-01 5.30476690e-03 -6.37811358e-03
1.72000000e-02 3.11871775e-01 -1.25891194e-02 2.28239301e-02
1.74000000e-02 3.40688213e-01 2.47567656e-02 6.54916486e-03
1.76000000e-02 2.70079867e-01 -1.57026374e-02 -1.71598808e-02
1.78000000e-02 2.88709318e-01 3.45097055e-02 -1.96778000e-02
1.80000000e-02 3.12950199e-01 1.08117798e-02 3.64059374e-02
1.82000000e-02 2.84628029e-01 -2.75195182e-02 -1.39604928e-03
1.84000000e-02 2.67388104e-01 -2.70711895e-02 -2.46834511e-02
1.86000000e-02 2.82464595e-01 -2.02528094e-02 1.14671749e-02
1.88000000e-02 2.79245744e-01 2.61109496e-02 -2.61046037e-02
1.90000000e-02 2.83823335e-01 -4.41437448e-02 1.74719542e-02
1.92000000e-02 2.45732688e-01 -2.87209872e-02 -5.10819639e-02
1.94000000e-02 3.11052438e-01 1.55197643e-02 -2.58217432e-02
1.96000000e-02 2.90434552e-01 -7.62990130e-03 2.88158955e-02
1.98000000e-02 2.68485967e-01 1.02803090e-02 -1.46726014e-02
2.00000000e-02 2.54840002e-01 -4.34819407e-02 -5.43276286e-02
2.02000000e-02 2.63523996e-01 -2.05912949e-02 -3.06794774e-02
2.04000000e-02 2.98888488e-01 -2.26729574e-02 3.88789870e-02
2.06000000e-02 3.69546003e-01 6.24879874e-02 2.73460121e-02
2.08000000e-02 3.13294175e-01 -3.34015606e-03 1.74667215e-02
2.10000000e-02 2.63500087e-01 -5.12911624e-02 -2.38073379e-02
2.12000000e-02 2.86627150e-01 1.16239607e-02 -4.90823928e-02
2.14000000e-02 2.80927184e-01 1.36807434e-02 5.91962316e-02
2.16000000e-02 2.90899540e-01 2.09655186e-02 1.44322325e-02
2.18000000e-02 2.37463328e-01 -4.76084815e-02 -6.39933309e-02
2.20000000e-02 2.61481315e-01 -5.63693997e-02 -4.73378344e-02
2.22000000e-02 2.96792830e-01 2.43032621e-02 8.49386371e-03
2.24000000e-02 3.01209282e-01 8.33863487e-03 1.92783621e-02
2.26000000e-02 2.90857585e-01 4.43611539e-04 4.10540343e-03
2.28000000e-02 3.18041682e-01 -6.72156992e-03 2.71407937e-02
2.30000000e-02 3.13497879e-01 2.57411590e-02 -1.30356857e-02
2.32000000e-02 2.99025293e-01 -3.39002952e-02 1.81233281e-02
2.34000000e-02 3.10313905e-01 -3.28022621e-03 -5.98434116e-03
2.36000000e-02 3.08188458e-01 8.27060871e-04 3.60906087e-03
2.38000000e-02 2.81759885e-01 -2.13390210e-02 6.78421556e-03
2.40000000e-02 2.64648939e-01 -2.70295710e-02 -5.64567596e-02
2.42000000e-02 2.99247818e-01 -2.24448891e-02 1.92938808e-02
2.44000000e-02 3.23655524e-01 5.43600081e-02 -1.82221344e-02
2.46000000e-02 3.25266496e-01 6.33758939e-03 3.36093900e-02
2.48000000e-02 3.47308362e-01 1.04200159e-02 4.70470966e-02
2.50000000e-02 3.22585866e-01 -1.19547219e-02 -1.63484938e-02
2.52000000e-02 2.71306126e-01 -2.66299121e-02 -4.82963345e-02
2.54000000e-02 3.23556102e-01 -1.81236033e-02 1.27776719e-02
2.56000000e-02 3.07696055e-01 3.37680588e-02 8.82116133e-03
2.58000000e-02 3.29755936e-01 1.95888374e-02 5.88414673e-03
2.60000000e-02 3.23131553e-01 -9.46230600e-03 2.33587308e-02
2.62000000e-02 3.53447681e-01 6.40043247e-02 1.59091339e-02
2.64000000e-02 3.37370834e-01 6.01451270e-03 3.82117769e-02
2.66000000e-02 2.86340312e-01 -1.39619278e-02 -4.58610451e-03
2.68000000e-02 2.90950602e-01 -2.18252487e-02 -1.98796322e-03
2.70000000e-02 3.04022127e-01 -2.09761613e-02 -1.05770307e-02
2.72000000e-02 3.41151245e-01 -7.41092152e-03 1.85590339e-03
2.74000000e-02 3.40585340e-01 1.03526538e-02 -9.20568416e-03
2.76000000e-02 3.11625142e-01 1.26036513e-02 -9.97992121e-03
2.78000000e-02 3.15629099e-01 -1.28965687e-02 -2.95376448e-03
2.80000000e-02 3.46993677e-01 -4.57822205e-03 1.05380414e-02
2.82000000e-02 3.68313565e-01 3.65774280e-02 2.66775772e-02
2.84000000e-02 3.56510615e-01 2.33381493e-02 4.50438441e-02
2.86000000e-02 3.67424329e-01 7.26786216e-03 -2.38179445e-03
2.88000000e-02 3.06902739e-01 1.78621142e-02 -5.79160108e-03
2.90000000e-02 3.11824838e-01 -8.87968833e-03 8.98226839e-03
2.92000000e-02 3.06402165e-01 -1.33939004e-02 -9.98938543e-03
2.94000000e-02 2.77306332e-01 -8.11261223e-03 -5.19616969e-03
2.96000000e-02 3.06378807e-01 3.46112220e-02 4.81850192e-02
2.98000000e-02 2.84381602e-01 2.89198157e-02 -1.18985313e-02
3.00000000e-02 2.70072993e-01 -1.58581553e-02 -8.62117015e-03
3.02000000e-02 3.32071446e-01 1.62459782e-02 8.34943304e-03
